$ANSIBLE_VAULT;1.1;AES256
65643038643737393065353465643265626636326561653232336139636530363064316637646134
3465623262393365376638336465643961393534323133350a613064373461643133303436353236
63666537396632363664353038366633366432366465633164623263333230313738643535623938
3333383061366366660a336132616633323133383366656565336531623162316661373137633234
32313066336561353566316361373730613865333236373830316565663963663663626134653465
65396433643335363533653265333036313162303566326236303333343364326638623466653465
30343038313836313561363061373664333539383134396265613562303139363464333464376565
61323738626639323836353332333339333263373037323837336336373662366363336139626333
33326136356539316131356432333664643262663531373831376432633138316564383735333839
35613230306437333233316234663534383534363333666430336233636631383334333432643662
65376130316137353164363664376661356537326662396431333836343235666537623865376330
38316337353566356230303535383461363336663639306632376466393733363764356131343233
34376434383930613864383263613564323531383630326439316536386233646665613236636339
63656535383765303865356165376132623064343465313562633338336237623930393462633834
34656162373332303835393964316633623330393765343061306332353132663262316137356562
34303262623639366335643466663335633562303861613539353363346366623938613361336533
38346533363662323133323962393961343332343662613734663464336661333231643466623438
6636303936346136613864353234376563316665336436373162
